
7579754665
368901388
7579754666
368901513
7579754667
7579754668
368901688
7579754669
6489470460
7579754670
6489470459
368901506
7579754671
368901368
7579754672
7579754673
368901880
368901709
368901537
368901400
7579754674
7579754675
368901894
7579754676
368901721
368901431
1117810831
1117810874
368901941
368901762
368901542
1117811107
1117810827
2828886439
367879888
367879893
367879897
1117810853
367879912
1117810915
1117811078
1117810992
637895528
367879924
637895530
1117811060
637895531
637895532
637895533
637895534
637895535
637895536
637895537
637895538
1117810903
637895529
1117811111
1117811253
1117811037
1117811086
1117810819
1117810879
1117811148
384344921
279746506
384344918
8978161912
1117811125
279746507
1117810970
1117810919

1117810970
1117810919
1117810880
384344915
1117811149
1117810891
384344912
1117810829
1117811151
1117811051
384344911
1402744851
1402744849
1402744846
279746508
1402744824
279746509
279746510
1402744813
2245166353
1402744806
2245166339
1402744800
1402744790
1402744783
2245166304
1402744780
2245166298
2245166300
1122256631
1402744784
1402744797
2245166340
2245166345
2245166350
2245166352
2245166354
2245166357
2245166358
1402744811
1402744817
2245166375
424328554
1402744821
2245166396
424328556
1402744833
424328557
2245166408
1402744835
2245166409
424328559
1402744837
2245166413
424328561
2245166411
1402744836
424328562
2245166407
424328564
424328566
1402744823
2245166388
424328537
2245166381
9572645228
9572645229
9572645227
424328525
637895518
9572645223
2245166289
424328523
424328521
1402744715
424328519
1329799413
